Fold 1/5
Training with params: {'lr': 0.001, 'batch_size': 32, 'epochs': 20}
Epoch 1/20 - Loss: 24.8568
Epoch 2/20 - Loss: 21.0605
Epoch 3/20 - Loss: 13.0810
Epoch 4/20 - Loss: 7.2658
Epoch 5/20 - Loss: 3.5991
Epoch 6/20 - Loss: 1.7751
Epoch 7/20 - Loss: 1.2365
Epoch 8/20 - Loss: 1.0130
Epoch 9/20 - Loss: 1.0295
Epoch 10/20 - Loss: 0.9298
Epoch 11/20 - Loss: 0.8624
Epoch 12/20 - Loss: 0.8001
Epoch 13/20 - Loss: 0.9101
Epoch 14/20 - Loss: 0.7833
Epoch 15/20 - Loss: 0.8126
Epoch 16/20 - Loss: 0.7780
Epoch 17/20 - Loss: 0.6927
Epoch 18/20 - Loss: 0.8621
Epoch 19/20 - Loss: 0.8244
Epoch 20/20 - Loss: 1.0001
Validation Accuracy: 0.8500
Training with params: {'lr': 0.001, 'batch_size': 64, 'epochs': 20}
Epoch 1/20 - Loss: 13.0473
Epoch 2/20 - Loss: 12.0802
Epoch 3/20 - Loss: 10.0218
Epoch 4/20 - Loss: 7.1943
Epoch 5/20 - Loss: 4.7662
Epoch 6/20 - Loss: 3.1861
Epoch 7/20 - Loss: 1.9245
Epoch 8/20 - Loss: 1.2704
Epoch 9/20 - Loss: 0.8276
Epoch 10/20 - Loss: 0.5928
Epoch 11/20 - Loss: 0.5710
Epoch 12/20 - Loss: 0.4989
Epoch 13/20 - Loss: 0.4495
Epoch 14/20 - Loss: 0.4018
Epoch 15/20 - Loss: 0.3782
Epoch 16/20 - Loss: 0.3632
Epoch 17/20 - Loss: 0.3990
Epoch 18/20 - Loss: 0.3373
Epoch 19/20 - Loss: 0.3915
Epoch 20/20 - Loss: 0.3913
Validation Accuracy: 0.8500
Best params: {'lr': 0.001, 'batch_size': 32, 'epochs': 20}, Best accuracy: 0.8500
Fold 1 Confusion Matrix (Counts):
[[59  1  0]
 [ 0 49 11]
 [ 0 15 45]]
Fold 1 Confusion Matrix (Ratios):
[[0.98333333 0.01666667 0.        ]
 [0.         0.81666667 0.18333333]
 [0.         0.25       0.75      ]]

Fold 2/5
Training with params: {'lr': 0.001, 'batch_size': 32, 'epochs': 20}
Epoch 1/20 - Loss: 24.9077
Epoch 2/20 - Loss: 20.9418
Epoch 3/20 - Loss: 12.5991
Epoch 4/20 - Loss: 6.1600
Epoch 5/20 - Loss: 2.6874
Epoch 6/20 - Loss: 1.4887
Epoch 7/20 - Loss: 1.1355
Epoch 8/20 - Loss: 0.8574
Epoch 9/20 - Loss: 0.8735
Epoch 10/20 - Loss: 0.8479
Epoch 11/20 - Loss: 0.7946
Epoch 12/20 - Loss: 0.6995
Epoch 13/20 - Loss: 0.7855
Epoch 14/20 - Loss: 0.7026
Epoch 15/20 - Loss: 0.6891
Epoch 16/20 - Loss: 0.6859
Epoch 17/20 - Loss: 0.6905
Epoch 18/20 - Loss: 0.8118
Epoch 19/20 - Loss: 0.7732
Epoch 20/20 - Loss: 0.8117
Validation Accuracy: 0.8156
Training with params: {'lr': 0.001, 'batch_size': 64, 'epochs': 20}
Epoch 1/20 - Loss: 13.0866
Epoch 2/20 - Loss: 12.1955
Epoch 3/20 - Loss: 10.2400
Epoch 4/20 - Loss: 7.5120
Epoch 5/20 - Loss: 4.9233
Epoch 6/20 - Loss: 3.1742
Epoch 7/20 - Loss: 1.8938
Epoch 8/20 - Loss: 1.1581
Epoch 9/20 - Loss: 0.7089
Epoch 10/20 - Loss: 0.6064
Epoch 11/20 - Loss: 0.4557
Epoch 12/20 - Loss: 0.3984
Epoch 13/20 - Loss: 0.4157
Epoch 14/20 - Loss: 0.3635
Epoch 15/20 - Loss: 0.3466
Epoch 16/20 - Loss: 0.3394
Epoch 17/20 - Loss: 0.3163
Epoch 18/20 - Loss: 0.3179
Epoch 19/20 - Loss: 0.3124
Epoch 20/20 - Loss: 0.2990
Validation Accuracy: 0.8156
Best params: {'lr': 0.001, 'batch_size': 32, 'epochs': 20}, Best accuracy: 0.8156
Fold 2 Confusion Matrix (Counts):
[[59  0  1]
 [ 0 44 15]
 [ 0 17 43]]
Fold 2 Confusion Matrix (Ratios):
[[0.98333333 0.         0.01666667]
 [0.         0.74576271 0.25423729]
 [0.         0.28333333 0.71666667]]

Fold 3/5
Training with params: {'lr': 0.001, 'batch_size': 32, 'epochs': 20}
Epoch 1/20 - Loss: 24.9078
Epoch 2/20 - Loss: 21.0907
Epoch 3/20 - Loss: 12.4866
Epoch 4/20 - Loss: 7.6830
Epoch 5/20 - Loss: 4.1530
Epoch 6/20 - Loss: 2.0812
Epoch 7/20 - Loss: 1.2450
Epoch 8/20 - Loss: 0.8873
Epoch 9/20 - Loss: 0.7281
Epoch 10/20 - Loss: 0.6843
Epoch 11/20 - Loss: 0.6921
Epoch 12/20 - Loss: 0.6585
Epoch 13/20 - Loss: 0.6627
Epoch 14/20 - Loss: 0.5917
Epoch 15/20 - Loss: 0.6485
Epoch 16/20 - Loss: 0.6261
Epoch 17/20 - Loss: 0.6464
Epoch 18/20 - Loss: 0.5815
Epoch 19/20 - Loss: 0.5467
Epoch 20/20 - Loss: 0.5385
Validation Accuracy: 0.8156
Training with params: {'lr': 0.001, 'batch_size': 64, 'epochs': 20}
Epoch 1/20 - Loss: 13.0756
Epoch 2/20 - Loss: 12.2997
Epoch 3/20 - Loss: 10.4949
Epoch 4/20 - Loss: 7.6876
Epoch 5/20 - Loss: 5.2989
Epoch 6/20 - Loss: 3.7973
Epoch 7/20 - Loss: 2.5126
Epoch 8/20 - Loss: 1.4806
Epoch 9/20 - Loss: 0.9093
Epoch 10/20 - Loss: 0.7041
Epoch 11/20 - Loss: 0.5106
Epoch 12/20 - Loss: 0.4189
Epoch 13/20 - Loss: 0.3322
Epoch 14/20 - Loss: 0.3215
Epoch 15/20 - Loss: 0.3016
Epoch 16/20 - Loss: 0.2648
Epoch 17/20 - Loss: 0.2689
Epoch 18/20 - Loss: 0.2572
Epoch 19/20 - Loss: 0.4014
Epoch 20/20 - Loss: 0.2752
Validation Accuracy: 0.8268
Best params: {'lr': 0.001, 'batch_size': 64, 'epochs': 20}, Best accuracy: 0.8268
Fold 3 Confusion Matrix (Counts):
[[60  0  0]
 [ 0 37 22]
 [ 0  9 51]]
Fold 3 Confusion Matrix (Ratios):
[[1.         0.         0.        ]
 [0.         0.62711864 0.37288136]
 [0.         0.15       0.85      ]]

Fold 4/5
Training with params: {'lr': 0.001, 'batch_size': 32, 'epochs': 20}
Epoch 1/20 - Loss: 24.8612
Epoch 2/20 - Loss: 20.7536
Epoch 3/20 - Loss: 11.9035
Epoch 4/20 - Loss: 5.9630
Epoch 5/20 - Loss: 2.7474
Epoch 6/20 - Loss: 1.3235
Epoch 7/20 - Loss: 0.9262
Epoch 8/20 - Loss: 0.8624
Epoch 9/20 - Loss: 0.8320
Epoch 10/20 - Loss: 0.6441
Epoch 11/20 - Loss: 0.6141
Epoch 12/20 - Loss: 0.6561
Epoch 13/20 - Loss: 0.6632
Epoch 14/20 - Loss: 0.5888
Epoch 15/20 - Loss: 0.6499
Epoch 16/20 - Loss: 0.5537
Epoch 17/20 - Loss: 0.5556
Epoch 18/20 - Loss: 0.6107
Epoch 19/20 - Loss: 0.7003
Epoch 20/20 - Loss: 0.6271
Validation Accuracy: 0.8827
Training with params: {'lr': 0.001, 'batch_size': 64, 'epochs': 20}
Epoch 1/20 - Loss: 13.0710
Epoch 2/20 - Loss: 12.3663
Epoch 3/20 - Loss: 10.8903
Epoch 4/20 - Loss: 8.2473
Epoch 5/20 - Loss: 5.3539
Epoch 6/20 - Loss: 3.2679
Epoch 7/20 - Loss: 1.9481
Epoch 8/20 - Loss: 1.1213
Epoch 9/20 - Loss: 0.6782
Epoch 10/20 - Loss: 0.4953
Epoch 11/20 - Loss: 0.4533
Epoch 12/20 - Loss: 0.4421
Epoch 13/20 - Loss: 0.3996
Epoch 14/20 - Loss: 0.3347
Epoch 15/20 - Loss: 0.3146
Epoch 16/20 - Loss: 0.3084
Epoch 17/20 - Loss: 0.3476
Epoch 18/20 - Loss: 0.2732
Epoch 19/20 - Loss: 0.2831
Epoch 20/20 - Loss: 0.2686
Validation Accuracy: 0.8827
Best params: {'lr': 0.001, 'batch_size': 32, 'epochs': 20}, Best accuracy: 0.8827
Fold 4 Confusion Matrix (Counts):
[[60  0  0]
 [ 1 51  7]
 [ 0 13 47]]
Fold 4 Confusion Matrix (Ratios):
[[1.         0.         0.        ]
 [0.01694915 0.86440678 0.11864407]
 [0.         0.21666667 0.78333333]]

Fold 5/5
Training with params: {'lr': 0.001, 'batch_size': 32, 'epochs': 20}
Epoch 1/20 - Loss: 24.7809
Epoch 2/20 - Loss: 19.9477
Epoch 3/20 - Loss: 12.1983
Epoch 4/20 - Loss: 7.5686
Epoch 5/20 - Loss: 3.6154
Epoch 6/20 - Loss: 1.4916
Epoch 7/20 - Loss: 1.0265
Epoch 8/20 - Loss: 0.6674
Epoch 9/20 - Loss: 0.6247
Epoch 10/20 - Loss: 0.5909
Epoch 11/20 - Loss: 0.5309
Epoch 12/20 - Loss: 0.5710
Epoch 13/20 - Loss: 0.5808
Epoch 14/20 - Loss: 0.5849
Epoch 15/20 - Loss: 0.6380
Epoch 16/20 - Loss: 0.6445
Epoch 17/20 - Loss: 0.3906
Epoch 18/20 - Loss: 0.4500
Epoch 19/20 - Loss: 0.4514
Epoch 20/20 - Loss: 0.4913
Validation Accuracy: 0.8156
Training with params: {'lr': 0.001, 'batch_size': 64, 'epochs': 20}
Epoch 1/20 - Loss: 13.0639
Epoch 2/20 - Loss: 12.1997
Epoch 3/20 - Loss: 10.2987
Epoch 4/20 - Loss: 7.4991
Epoch 5/20 - Loss: 5.0161
Epoch 6/20 - Loss: 3.4092
Epoch 7/20 - Loss: 2.0970
Epoch 8/20 - Loss: 1.2304
Epoch 9/20 - Loss: 0.7960
Epoch 10/20 - Loss: 0.5237
Epoch 11/20 - Loss: 0.3769
Epoch 12/20 - Loss: 0.3316
Epoch 13/20 - Loss: 0.2894
Epoch 14/20 - Loss: 0.2543
Epoch 15/20 - Loss: 0.2460
Epoch 16/20 - Loss: 0.3230
Epoch 17/20 - Loss: 0.2810
Epoch 18/20 - Loss: 0.2556
Epoch 19/20 - Loss: 0.2327
Epoch 20/20 - Loss: 0.2122
Validation Accuracy: 0.8156
Best params: {'lr': 0.001, 'batch_size': 32, 'epochs': 20}, Best accuracy: 0.8156
Fold 5 Confusion Matrix (Counts):
[[60  0  0]
 [ 0 48 11]
 [ 0 22 38]]
Fold 5 Confusion Matrix (Ratios):
[[1.         0.         0.        ]
 [0.         0.81355932 0.18644068]
 [0.         0.36666667 0.63333333]]

Average Metrics:
{'accuracy': np.float64(0.8381564245810056), 'precision': np.float64(0.8415064665177365), 'recall': np.float64(0.8378342749529188), 'f1_score': np.float64(0.8371837293033628)}

Average Confusion Matrix (Counts):
[[298   1   1]
 [  1 229  66]
 [  0  76 224]]

Average Confusion Matrix (Ratios):
[[0.99333333 0.00333333 0.00333333]
 [0.00337838 0.77364865 0.22297297]
 [0.         0.25333333 0.74666667]]